result token distribution: Counter({True: 100})
duration timestamp: [0.6499998569488525, 0.5699999332427979, 0.5699999332427979, 0.5900001525878906, 0.5899999141693115, 0.6200001239776611, 0.6100001335144043, 0.5899999141693115, 0.6200001239776611, 0.2799999713897705, 0.6299998760223389, 0.630000114440918, 0.6399998664855957, 0.6400001049041748, 0.6600000858306885, 0.6599998474121094, 0.35000014305114746, 0.37000012397766113, 0.37999987602233887, 0.690000057220459, 0.3899998664855957, 0.7000000476837158, 0.4100000858306885, 0.4099998474121094, 0.4100000858306885, 0.4200000762939453, 0.7599999904632568, 0.7699999809265137, 0.4699997901916504, 0.4500000476837158, 0.46000003814697266, 0.4700000286102295, 0.48000001907348633, 0.5099999904632568, 0.5499999523162842, 0.5299999713897705, 0.5400002002716064, 0.559999942779541, 0.5499999523162842, 0.5499999523162842, 0.5799999237060547, 0.6000001430511475, 0.5699999332427979, 0.5899999141693115, 0.5800001621246338, 0.6099998950958252, 0.630000114440918, 0.6499998569488525, 0.6099998950958252, 0.6500000953674316, 0.6499998569488525, 0.3299999237060547, 0.3300001621246338, 0.3299999237060547, 0.34999990463256836, 0.35000014305114746, 0.3399999141693115, 0.3600001335144043, 0.6999998092651367, 0.36999988555908203, 0.37000012397766113, 0.7099997997283936, 0.38000011444091797, 0.38000011444091797, 0.3899998664855957, 0.40000009536743164, 0.4200000762939453, 0.440000057220459, 0.43000006675720215, 0.4399998188018799, 0.46000003814697266, 0.5, 0.5, 0.49000000953674316, 0.5, 0.559999942779541, 0.5299999713897705, 0.5500001907348633, 0.5399999618530273, 0.2200000286102295, 0.24000000953674316, 0.5799999237060547, 0.6100001335144043, 0.5999999046325684, 0.6099998950958252, 0.6100001335144043, 0.6099998950958252, 0.26999998092651367, 0.6200001239776611, 0.309999942779541, 0.28999996185302734, 0.31999993324279785, 0.309999942779541, 0.3000001907348633, 0.34999990463256836, 0.34999990463256836, 0.35000014305114746, 0.36999988555908203, 0.38000011444091797, 0.3899998664855957]
duration log date: [0.653, 0.571, 0.567, 0.584, 0.589, 0.622, 0.602, 0.592, 0.614, 0.288, 0.637, 0.627, 0.638, 0.636, 0.661, 0.66, 0.354, 0.37, 0.383, 0.688, 0.393, 0.698, 0.406, 0.414, 0.417, 0.424, 0.762, 0.768, 0.466, 0.454, 0.464, 0.472, 0.482, 0.509, 0.545, 0.525, 0.546, 0.561, 0.552, 0.551, 0.575, 0.595, 0.576, 0.589, 0.585, 0.613, 0.631, 0.656, 0.616, 0.646, 0.65, 0.328, 0.325, 0.328, 0.345, 0.347, 0.341, 0.364, 0.694, 0.369, 0.364, 0.71, 0.382, 0.388, 0.394, 0.399, 0.424, 0.431, 0.433, 0.445, 0.467, 0.5, 0.496, 0.491, 0.506, 0.559, 0.527, 0.553, 0.539, 0.221, 0.247, 0.581, 0.611, 0.597, 0.602, 0.615, 0.604, 0.274, 0.617, 0.317, 0.298, 0.319, 0.31, 0.308, 0.351, 0.351, 0.354, 0.37, 0.388, 0.397]
duration difference: [3.00014305e-03 1.00006676e-03 2.99993324e-03 6.00015259e-03
 9.99914169e-04 1.99987602e-03 8.00013351e-03 2.00008583e-03
 6.00012398e-03 8.00002861e-03 7.00012398e-03 3.00011444e-03
 1.99986649e-03 4.00010490e-03 9.99914169e-04 1.52587891e-07
 3.99985695e-03 1.23977661e-07 3.00012398e-03 2.00005722e-03
 3.00013351e-03 2.00004768e-03 4.00008583e-03 4.00015259e-03
 6.99991417e-03 3.99992371e-03 2.00000954e-03 1.99998093e-03
 3.99979019e-03 3.99995232e-03 3.99996185e-03 1.99997139e-03
 1.99998093e-03 9.99990463e-04 4.99995232e-03 4.99997139e-03
 5.99979973e-03 1.00005722e-03 2.00004768e-03 1.00004768e-03
 4.99992371e-03 5.00014305e-03 6.00006676e-03 9.99914169e-04
 4.99983788e-03 3.00010490e-03 9.99885559e-04 6.00014305e-03
 6.00010490e-03 4.00009537e-03 1.43051147e-07 1.99992371e-03
 5.00016212e-03 1.99992371e-03 4.99990463e-03 3.00014305e-03
 1.00008583e-03 3.99986649e-03 5.99980927e-03 9.99885559e-04
 6.00012398e-03 2.00271606e-07 1.99988556e-03 7.99988556e-03
 4.00013351e-03 1.00009537e-03 3.99992371e-03 9.00005722e-03
 2.99993324e-03 5.00018120e-03 6.99996185e-03 0.00000000e+00
 4.00000000e-03 9.99990463e-04 6.00000000e-03 9.99942780e-04
 2.99997139e-03 2.99980927e-03 9.99961853e-04 9.99971390e-04
 6.99999046e-03 1.00007629e-03 9.99866486e-04 2.99990463e-03
 7.99989510e-03 4.99986649e-03 5.99989510e-03 4.00001907e-03
 3.00012398e-03 7.00005722e-03 8.00003815e-03 9.99933243e-04
 5.72204590e-08 7.99980927e-03 1.00009537e-03 1.00009537e-03
 3.99985695e-03 1.14440918e-07 7.99988556e-03 7.00013351e-03]
----------------------------
num: 100
min. 0.22
max: 0.77
median: 0.51
mean: 0.5
std: 0.13
var: 0.02