result token distribution: Counter({True: 100})
duration timestamp: [0.630000114440918, 0.3299999237060547, 0.7900002002716064, 0.6599998474121094, 0.6000001430511475, 0.5, 0.4100000858306885, 0.32000017166137695, 0.7300000190734863, 0.6299998760223389, 0.5500001907348633, 0.4399998188018799, 0.3599998950958252, 0.7900002002716064, 0.690000057220459, 0.5900001525878906, 0.5, 0.4099998474121094, 0.8300001621246338, 0.75, 0.6500000953674316, 0.5499999523162842, 0.45999979972839355, 0.36999988555908203, 0.8000001907348633, 0.6899998188018799, 0.630000114440918, 0.5099999904632568, 0.4199998378753662, 0.8400001525878906, 0.7399997711181641, 0.6700000762939453, 0.559999942779541, 0.45999979972839355, 0.37999987602233887, 0.7999999523162842, 0.7200000286102295, 0.630000114440918, 0.5199999809265137, 0.42999982833862305, 0.8399999141693115, 0.7600002288818359, 0.6800000667572021, 0.559999942779541, 0.49000000953674316, 0.3899998664855957, 0.820000171661377, 0.7200000286102295, 0.6400001049041748, 0.5500001907348633, 0.4499998092651367, 0.8599998950958252, 0.7700002193450928, 0.690000057220459, 0.5799999237060547, 0.48999977111816406, 0.39999985694885254, 0.820000171661377, 0.7199997901916504, 0.6500000953674316, 0.5399999618530273, 0.4399998188018799, 0.8499999046325684, 0.7599999904632568, 0.679999828338623, 0.5899999141693115, 0.4799997806549072, 0.39999985694885254, 0.809999942779541, 0.6999998092651367, 0.5999999046325684, 0.5099999904632568, 0.42999982833862305, 0.3299999237060547, 0.75, 0.6499998569488525, 0.5699999332427979, 0.46000003814697266, 0.36999988555908203, 0.7999999523162842, 0.7099997997283936, 0.6099998950958252, 0.5199999809265137, 0.4199998378753662, 0.31999993324279785, 0.7300000190734863, 0.6399998664855957, 0.5799999237060547, 0.46000003814697266, 0.3599998950958252, 0.7799999713897705, 0.679999828338623, 0.6099998950958252, 1.0, 0.4099998474121094, 0.31999993324279785, 0.75, 0.6599998474121094, 0.5699999332427979, 0.4700000286102295]
duration log date: [0.633, 0.338, 0.785, 0.666, 0.592, 0.496, 0.408, 0.316, 0.726, 0.627, 0.547, 0.443, 0.358, 0.784, 0.688, 0.597, 0.493, 0.409, 0.831, 0.747, 0.646, 0.549, 0.458, 0.374, 0.795, 0.694, 0.627, 0.513, 0.42, 0.839, 0.747, 0.669, 0.564, 0.466, 0.38, 0.799, 0.713, 0.626, 0.522, 0.433, 0.845, 0.759, 0.681, 0.562, 0.485, 0.391, 0.819, 0.718, 0.637, 0.543, 0.449, 0.861, 0.768, 0.691, 0.587, 0.495, 0.402, 0.823, 0.726, 0.648, 0.543, 0.44, 0.857, 0.765, 0.676, 0.582, 0.483, 0.4, 0.814, 0.705, 0.608, 0.514, 0.423, 0.333, 0.756, 0.648, 0.57, 0.463, 0.372, 0.792, 0.714, 0.605, 0.512, 0.419, 0.321, 0.732, 0.641, 0.579, 0.456, 0.365, 0.781, 0.687, 0.613, 1.003, 0.416, 0.323, 0.755, 0.659, 0.567, 0.463]
duration difference: [2.99988556e-03 8.00007629e-03 5.00020027e-03 6.00015259e-03
 8.00014305e-03 4.00000000e-03 2.00008583e-03 4.00017166e-03
 4.00001907e-03 2.99987602e-03 3.00019073e-03 3.00018120e-03
 1.99989510e-03 6.00020027e-03 2.00005722e-03 6.99984741e-03
 7.00000000e-03 9.99847412e-04 9.99837875e-04 3.00000000e-03
 4.00009537e-03 9.99952316e-04 1.99979973e-03 4.00011444e-03
 5.00019073e-03 4.00018120e-03 3.00011444e-03 3.00000954e-03
 1.62124634e-07 1.00015259e-03 7.00022888e-03 1.00007629e-03
 4.00005722e-03 6.00020027e-03 1.23977661e-07 9.99952316e-04
 7.00002861e-03 4.00011444e-03 2.00001907e-03 3.00017166e-03
 5.00008583e-03 1.00022888e-03 9.99933243e-04 2.00005722e-03
 5.00000954e-03 1.00013351e-03 1.00017166e-03 2.00002861e-03
 3.00010490e-03 7.00019073e-03 9.99809265e-04 1.00010490e-03
 2.00021935e-03 9.99942780e-04 7.00007629e-03 5.00022888e-03
 2.00014305e-03 2.99982834e-03 6.00020981e-03 2.00009537e-03
 3.00003815e-03 1.81198120e-07 7.00009537e-03 5.00000954e-03
 3.99982834e-03 7.99991417e-03 3.00021935e-03 1.43051147e-07
 4.00005722e-03 5.00019073e-03 8.00009537e-03 4.00000954e-03
 6.99982834e-03 3.00007629e-03 6.00000000e-03 1.99985695e-03
 6.67572021e-08 2.99996185e-03 2.00011444e-03 7.99995232e-03
 4.00020027e-03 4.99989510e-03 7.99998093e-03 9.99837875e-04
 1.00006676e-03 1.99998093e-03 1.00013351e-03 9.99923706e-04
 4.00003815e-03 5.00010490e-03 1.00002861e-03 7.00017166e-03
 3.00010490e-03 3.00000000e-03 6.00015259e-03 3.00006676e-03
 5.00000000e-03 9.99847412e-04 2.99993324e-03 7.00002861e-03]
----------------------------
num: 100
min. 0.32
max: 1.0
median: 0.6
mean: 0.6
std: 0.16
var: 0.02